
   Summary motif results
   =====================
mfinder Version 1.20

MOTIF FINDER RESULTS:

	Network name: ../network/p2p/processed_p2p-Gnutella30.txt
	Network type: Non-Directed
	Num of Nodes: 36681 Num of Edges: 88328
	Num of Nodes with edges: 36681
	Maximal out degree (out-hub) : 55
	Maximal in degree (in-hub) : 55
	Roots num: 0 Leaves num: 0
	Single Edges num: 0 Mutual Edges num: 88314

	Motif size searched  4
	Number of random networks generated : 0
	Random networks generation method: Switches
	Num of Switches range: 100.0-200.0, Success switches Ratio:0.000+-0.00

	Algorithm used : Probabilistic (num of samples : 50000)

The following motifs were found:

Criteria taken : Creal Zscore > 2.00
                 Pval ignored (due to small number of random networks)
                 Mfactor > 1.10
                 Uniqueness >= 0


	Top Motifs List

MOTIF	CREAL	CRAND		CREAL	CREAL	UNIQ	HITS
ID	[mili]	STATS		ZSCORE	PVAL	

13260	3.135	0.000+-0.000	888888	0.000	158	272	

0 0 1 1 
0 0 1 1 
1 1 0 0 
1 1 0 0 

13278	0.114	0.000+-0.000	888888	0.000	21	28	

0 1 1 1 
1 0 1 1 
1 1 0 0 
1 1 0 0 

31710	0.000	0.000+-0.000	888888	0.000	1	1	

0 1 1 1 
1 0 1 1 
1 1 0 1 
1 1 1 0 



	(Total No. of non-dangling motifs : 3)



	Full list includes 11 motifs

MOTIF	CREAL	CRAND		CREAL	CREAL	UNIQ	HITS
ID	[mili]	STATS		ZSCORE	PVAL	

286	0.171	0.000+-0.000	888888	0.000	1	6	

0 1 1 1 
1 0 0 0 
1 0 0 0 
0 0 0 0 

396	0.047	0.000+-0.000	888888	0.000	1	2	

0 0 1 1 
0 0 0 1 
1 0 0 0 
0 0 0 0 

406	0.650	0.000+-0.000	888888	0.000	1	5	

0 1 1 0 
1 0 0 1 
1 0 0 0 
0 0 0 0 

414	0.037	0.000+-0.000	888888	0.000	1	1	

0 1 1 1 
1 0 0 1 
1 0 0 0 
0 0 0 0 

2184	0.212	0.000+-0.000	888888	0.000	1	7	

0 0 0 1 
0 0 0 1 
0 0 0 1 
0 0 0 0 

4382	332.658	0.000+-0.000	888888	0.000	3157	23327	

0 1 1 1 
1 0 0 0 
1 0 0 0 
1 0 0 0 

4698	658.739	0.000+-0.000	888888	0.000	2382	25776	

0 1 0 1 
1 0 1 0 
0 1 0 0 
1 0 0 0 

4958	4.236	0.000+-0.000	888888	0.000	338	575	

0 1 1 1 
1 0 1 0 
1 1 0 0 
1 0 0 0 

13260	3.135	0.000+-0.000	888888	0.000	158	272	

0 0 1 1 
0 0 1 1 
1 1 0 0 
1 1 0 0 

13278	0.114	0.000+-0.000	888888	0.000	21	28	

0 1 1 1 
1 0 1 1 
1 1 0 0 
1 1 0 0 

31710	0.000	0.000+-0.000	888888	0.000	1	1	

0 1 1 1 
1 0 1 1 
1 1 0 1 
1 1 1 0 




Full list of subgraphs size 4 ids:

	( Total num of different subgraphs size 4 is : 199 )

MOTIF	CREAL	CRAND		CREAL	CREAL	UNIQ	HITS
ID	[mili]	STATS		ZSCORE	PVAL		
14	0.000	0.000+-0.000	888888	0.000	0	0

28	0.000	0.000+-0.000	888888	0.000	0	0

30	0.000	0.000+-0.000	888888	0.000	0	0

74	0.000	0.000+-0.000	888888	0.000	0	0

76	0.000	0.000+-0.000	888888	0.000	0	0

78	0.000	0.000+-0.000	888888	0.000	0	0

90	0.000	0.000+-0.000	888888	0.000	0	0

92	0.000	0.000+-0.000	888888	0.000	0	0

94	0.000	0.000+-0.000	888888	0.000	0	0

204	0.000	0.000+-0.000	888888	0.000	0	0

206	0.000	0.000+-0.000	888888	0.000	0	0

222	0.000	0.000+-0.000	888888	0.000	0	0

280	0.000	0.000+-0.000	888888	0.000	0	0

282	0.000	0.000+-0.000	888888	0.000	0	0

286	0.171	0.000+-0.000	888888	0.000	1	6

328	0.000	0.000+-0.000	888888	0.000	0	0

330	0.000	0.000+-0.000	888888	0.000	0	0

332	0.000	0.000+-0.000	888888	0.000	0	0

334	0.000	0.000+-0.000	888888	0.000	0	0

344	0.000	0.000+-0.000	888888	0.000	0	0

346	0.000	0.000+-0.000	888888	0.000	0	0

348	0.000	0.000+-0.000	888888	0.000	0	0

350	0.000	0.000+-0.000	888888	0.000	0	0

390	0.000	0.000+-0.000	888888	0.000	0	0

392	0.000	0.000+-0.000	888888	0.000	0	0

394	0.000	0.000+-0.000	888888	0.000	0	0

396	0.047	0.000+-0.000	888888	0.000	1	2

398	0.000	0.000+-0.000	888888	0.000	0	0

404	0.000	0.000+-0.000	888888	0.000	0	0

406	0.650	0.000+-0.000	888888	0.000	1	5

408	0.000	0.000+-0.000	888888	0.000	0	0

410	0.000	0.000+-0.000	888888	0.000	0	0

412	0.000	0.000+-0.000	888888	0.000	0	0

414	0.037	0.000+-0.000	888888	0.000	1	1

454	0.000	0.000+-0.000	888888	0.000	0	0

456	0.000	0.000+-0.000	888888	0.000	0	0

458	0.000	0.000+-0.000	888888	0.000	0	0

460	0.000	0.000+-0.000	888888	0.000	0	0

462	0.000	0.000+-0.000	888888	0.000	0	0

468	0.000	0.000+-0.000	888888	0.000	0	0

470	0.000	0.000+-0.000	888888	0.000	0	0

472	0.000	0.000+-0.000	888888	0.000	0	0

474	0.000	0.000+-0.000	888888	0.000	0	0

476	0.000	0.000+-0.000	888888	0.000	0	0

478	0.000	0.000+-0.000	888888	0.000	0	0

856	0.000	0.000+-0.000	888888	0.000	0	0

858	0.000	0.000+-0.000	888888	0.000	0	0

862	0.000	0.000+-0.000	888888	0.000	0	0

904	0.000	0.000+-0.000	888888	0.000	0	0

906	0.000	0.000+-0.000	888888	0.000	0	0

908	0.000	0.000+-0.000	888888	0.000	0	0

910	0.000	0.000+-0.000	888888	0.000	0	0

922	0.000	0.000+-0.000	888888	0.000	0	0

924	0.000	0.000+-0.000	888888	0.000	0	0

926	0.000	0.000+-0.000	888888	0.000	0	0

972	0.000	0.000+-0.000	888888	0.000	0	0

974	0.000	0.000+-0.000	888888	0.000	0	0

990	0.000	0.000+-0.000	888888	0.000	0	0

2184	0.212	0.000+-0.000	888888	0.000	1	7

2186	0.000	0.000+-0.000	888888	0.000	0	0

2190	0.000	0.000+-0.000	888888	0.000	0	0

2202	0.000	0.000+-0.000	888888	0.000	0	0

2204	0.000	0.000+-0.000	888888	0.000	0	0

2206	0.000	0.000+-0.000	888888	0.000	0	0

2252	0.000	0.000+-0.000	888888	0.000	0	0

2254	0.000	0.000+-0.000	888888	0.000	0	0

2270	0.000	0.000+-0.000	888888	0.000	0	0

2458	0.000	0.000+-0.000	888888	0.000	0	0

2462	0.000	0.000+-0.000	888888	0.000	0	0

2506	0.000	0.000+-0.000	888888	0.000	0	0

2510	0.000	0.000+-0.000	888888	0.000	0	0

2524	0.000	0.000+-0.000	888888	0.000	0	0

2526	0.000	0.000+-0.000	888888	0.000	0	0

3038	0.000	0.000+-0.000	888888	0.000	0	0

4370	0.000	0.000+-0.000	888888	0.000	0	0

4374	0.000	0.000+-0.000	888888	0.000	0	0

4382	332.658	0.000+-0.000	888888	0.000	3157	23327

4418	0.000	0.000+-0.000	888888	0.000	0	0

4420	0.000	0.000+-0.000	888888	0.000	0	0

4422	0.000	0.000+-0.000	888888	0.000	0	0

4424	0.000	0.000+-0.000	888888	0.000	0	0

4426	0.000	0.000+-0.000	888888	0.000	0	0

4428	0.000	0.000+-0.000	888888	0.000	0	0

4430	0.000	0.000+-0.000	888888	0.000	0	0

4434	0.000	0.000+-0.000	888888	0.000	0	0

4436	0.000	0.000+-0.000	888888	0.000	0	0

4438	0.000	0.000+-0.000	888888	0.000	0	0

4440	0.000	0.000+-0.000	888888	0.000	0	0

4442	0.000	0.000+-0.000	888888	0.000	0	0

4444	0.000	0.000+-0.000	888888	0.000	0	0

4446	0.000	0.000+-0.000	888888	0.000	0	0

4546	0.000	0.000+-0.000	888888	0.000	0	0

4548	0.000	0.000+-0.000	888888	0.000	0	0

4550	0.000	0.000+-0.000	888888	0.000	0	0

4556	0.000	0.000+-0.000	888888	0.000	0	0

4558	0.000	0.000+-0.000	888888	0.000	0	0

4562	0.000	0.000+-0.000	888888	0.000	0	0

4564	0.000	0.000+-0.000	888888	0.000	0	0

4566	0.000	0.000+-0.000	888888	0.000	0	0

4572	0.000	0.000+-0.000	888888	0.000	0	0

4574	0.000	0.000+-0.000	888888	0.000	0	0

4678	0.000	0.000+-0.000	888888	0.000	0	0

4682	0.000	0.000+-0.000	888888	0.000	0	0

4686	0.000	0.000+-0.000	888888	0.000	0	0

4692	0.000	0.000+-0.000	888888	0.000	0	0

4694	0.000	0.000+-0.000	888888	0.000	0	0

4698	658.739	0.000+-0.000	888888	0.000	2382	25776

4700	0.000	0.000+-0.000	888888	0.000	0	0

4702	0.000	0.000+-0.000	888888	0.000	0	0

4740	0.000	0.000+-0.000	888888	0.000	0	0

4742	0.000	0.000+-0.000	888888	0.000	0	0

4748	0.000	0.000+-0.000	888888	0.000	0	0

4750	0.000	0.000+-0.000	888888	0.000	0	0

4758	0.000	0.000+-0.000	888888	0.000	0	0

4764	0.000	0.000+-0.000	888888	0.000	0	0

4766	0.000	0.000+-0.000	888888	0.000	0	0

4812	0.000	0.000+-0.000	888888	0.000	0	0

4814	0.000	0.000+-0.000	888888	0.000	0	0

4830	0.000	0.000+-0.000	888888	0.000	0	0

4946	0.000	0.000+-0.000	888888	0.000	0	0

4950	0.000	0.000+-0.000	888888	0.000	0	0

4952	0.000	0.000+-0.000	888888	0.000	0	0

4954	0.000	0.000+-0.000	888888	0.000	0	0

4958	4.236	0.000+-0.000	888888	0.000	338	575

4994	0.000	0.000+-0.000	888888	0.000	0	0

4998	0.000	0.000+-0.000	888888	0.000	0	0

5002	0.000	0.000+-0.000	888888	0.000	0	0

5004	0.000	0.000+-0.000	888888	0.000	0	0

5006	0.000	0.000+-0.000	888888	0.000	0	0

5010	0.000	0.000+-0.000	888888	0.000	0	0

5012	0.000	0.000+-0.000	888888	0.000	0	0

5014	0.000	0.000+-0.000	888888	0.000	0	0

5016	0.000	0.000+-0.000	888888	0.000	0	0

5018	0.000	0.000+-0.000	888888	0.000	0	0

5020	0.000	0.000+-0.000	888888	0.000	0	0

5022	0.000	0.000+-0.000	888888	0.000	0	0

5058	0.000	0.000+-0.000	888888	0.000	0	0

5062	0.000	0.000+-0.000	888888	0.000	0	0

5064	0.000	0.000+-0.000	888888	0.000	0	0

5066	0.000	0.000+-0.000	888888	0.000	0	0

5068	0.000	0.000+-0.000	888888	0.000	0	0

5070	0.000	0.000+-0.000	888888	0.000	0	0

5074	0.000	0.000+-0.000	888888	0.000	0	0

5076	0.000	0.000+-0.000	888888	0.000	0	0

5078	0.000	0.000+-0.000	888888	0.000	0	0

5080	0.000	0.000+-0.000	888888	0.000	0	0

5082	0.000	0.000+-0.000	888888	0.000	0	0

5084	0.000	0.000+-0.000	888888	0.000	0	0

5086	0.000	0.000+-0.000	888888	0.000	0	0

6342	0.000	0.000+-0.000	888888	0.000	0	0

6348	0.000	0.000+-0.000	888888	0.000	0	0

6350	0.000	0.000+-0.000	888888	0.000	0	0

6356	0.000	0.000+-0.000	888888	0.000	0	0

6358	0.000	0.000+-0.000	888888	0.000	0	0

6364	0.000	0.000+-0.000	888888	0.000	0	0

6366	0.000	0.000+-0.000	888888	0.000	0	0

6550	0.000	0.000+-0.000	888888	0.000	0	0

6552	0.000	0.000+-0.000	888888	0.000	0	0

6554	0.000	0.000+-0.000	888888	0.000	0	0

6558	0.000	0.000+-0.000	888888	0.000	0	0

6598	0.000	0.000+-0.000	888888	0.000	0	0

6602	0.000	0.000+-0.000	888888	0.000	0	0

6604	0.000	0.000+-0.000	888888	0.000	0	0

6606	0.000	0.000+-0.000	888888	0.000	0	0

6614	0.000	0.000+-0.000	888888	0.000	0	0

6616	0.000	0.000+-0.000	888888	0.000	0	0

6618	0.000	0.000+-0.000	888888	0.000	0	0

6620	0.000	0.000+-0.000	888888	0.000	0	0

6622	0.000	0.000+-0.000	888888	0.000	0	0

6854	0.000	0.000+-0.000	888888	0.000	0	0

6858	0.000	0.000+-0.000	888888	0.000	0	0

6862	0.000	0.000+-0.000	888888	0.000	0	0

6870	0.000	0.000+-0.000	888888	0.000	0	0

6874	0.000	0.000+-0.000	888888	0.000	0	0

6876	0.000	0.000+-0.000	888888	0.000	0	0

6878	0.000	0.000+-0.000	888888	0.000	0	0

7126	0.000	0.000+-0.000	888888	0.000	0	0

7128	0.000	0.000+-0.000	888888	0.000	0	0

7130	0.000	0.000+-0.000	888888	0.000	0	0

7134	0.000	0.000+-0.000	888888	0.000	0	0

13142	0.000	0.000+-0.000	888888	0.000	0	0

13146	0.000	0.000+-0.000	888888	0.000	0	0

13148	0.000	0.000+-0.000	888888	0.000	0	0

13150	0.000	0.000+-0.000	888888	0.000	0	0

13260	3.135	0.000+-0.000	888888	0.000	158	272

13262	0.000	0.000+-0.000	888888	0.000	0	0

13278	0.114	0.000+-0.000	888888	0.000	21	28

14678	0.000	0.000+-0.000	888888	0.000	0	0

14686	0.000	0.000+-0.000	888888	0.000	0	0

14790	0.000	0.000+-0.000	888888	0.000	0	0

14798	0.000	0.000+-0.000	888888	0.000	0	0

14810	0.000	0.000+-0.000	888888	0.000	0	0

14812	0.000	0.000+-0.000	888888	0.000	0	0

14814	0.000	0.000+-0.000	888888	0.000	0	0

15258	0.000	0.000+-0.000	888888	0.000	0	0

15262	0.000	0.000+-0.000	888888	0.000	0	0

15310	0.000	0.000+-0.000	888888	0.000	0	0

15326	0.000	0.000+-0.000	888888	0.000	0	0

31710	0.000	0.000+-0.000	888888	0.000	1	1



 (Application total runtime was:   18.0 seconds.)

 (Real network processing runtime was:    7.0 seconds.)

 (Single Random network processing runtime was:    0.0 seconds.)
